6
7 1 5 3 6 4

5
7 6 4 3 1

1
10

10
10 9 8 7 6 5 4 3 2 1

10
1 2 3 4 5 6 7 8 9 10

15
1 1 1 1 1 1 1 1 1 1 1 1 1 1 1

12
100 1 100 1 100 1 100 1 100 1 100 1

8
5 5 5 5 5 5 5 5

7
10 1 10 1 10 1 10

6
1 10 1 10 1 10

20
10 11 9 12 8 13 7 14 6 15 5 16 4 17 3 18 2 19 1 20

11
2 8 1 9 3 10 4 11 5 12 6

5
10 20 5 30 1

10
1 2 3 4 5 1 2 3 4 5

10
5 4 3 2 1 5 4 3 2 1

13
1 2 3 2 1 4 5 6 5 4 7 8 9

2
1000 1

14
10 20 30 40 50 60 70 5 15 25 35 45 55 65

1
100

10
1 1 2 1 3 1 4 1 5 1

9
6 5 4 3 2 1 2 3 4

8
1 10 2 9 3 8 4 7

10
10 1 9 2 8 3 7 4 6 5

12
100 110 90 120 80 130 70 140 60 150 50 160

7
-1 -2 -3 -4 -5 -6 -7

10
0 1 0 2 0 3 0 4 0 5

6
1 10 2 20 3 30

16
8 7 6 5 4 3 2 1 10 9 8 7 6 5 4 3

5
10 1 10 1 10

5
1 10 1 10 1

8
1 1 1 1 10 10 10 10

10
10 10 10 10 1 1 1 1 1 1

11
10 20 30 40 50 0 60 70 80 90 100

9
1 1 1 1 1 1 1 1 1

12
6 5 4 3 2 1 1 2 3 4 5 6

10
100 101 102 103 104 105 106 107 108 109

7
109 108 107 106 105 104 103

8
10 1 10 2 10 3 10 4

10
1 10 1 10 1 10 1 10 1 10

12
10 9 11 8 12 7 13 6 14 5 15 4

7
1 1 1 1 1 1 1

7
10 1 10 1 10 1 10

8
1 10 1 1 1 1 1 10

8
10 1 1 1 1 1 1 10


