3
1 2 3

7
-10 9 20 null null 15 7

1
-3

2
1 -2

3
-1 -2 -3

5
-10 -20 -30 -40 -50

7
5 4 8 11 null 13 4 7 2 null null null 1

1
1

2
2 3

3
1 -2 3

5
1 2 3 4 5

7
-1 -2 -3 -4 -5 -6 -7

9
10 5 15 null null 6 20

1
0

4
1 2 3 null

5
-1 5 3 null -4

6
1 2 null 3 null 4

7
-2 1 3 -4 5 6 -7

3
1 1 1

5
2 2 2 2 2

7
-1 -1 -1 -1 -1 -1 -1

9
1 2 3 4 5 6 7 8 9

1
1000

2
-1000 500

3
500 -1000 200

5
10 20 30 -1 -1

7
-10 5 -15 2 8 12 18

9
1 -2 3 -4 5 -6 7 -8 9

1
-1

4
-3 -1 null -2

5
-1 -2 -3 null -4

6
1 null 2 null 3 null

7
-10 -5 -15 -2 -8 -12 -18

3
10 20 30

5
-10 -20 -30 -40 -50

7
100 50 150 25 75 125 175

9
-5 2 8 -1 3 6 10 -2 0

1
-5

4
1 2 null 3

5
1 -2 3 null 4

6
-1 null -2 null -3 null

7
-1 -2 -3 -4 -5 -6 -7

3
-3 -2 -1

5
1 2 3 4 5

7
-10 9 20 null null 15 7

9
10 5 15 null 8 6 20

1
-10

4
1 null 2 3

5
-2 1 3 null -4

6
1 2 3 null 4 null

7
-10 5 15 2 8 12 18


