3 11
1 2 5

1 3
2

1 0
1

2 7
5 3

4 6
1 3 4 5

1 100
1

5 8
1 2 5 6 7

3 7
2 4 6

10 99
1 2 5 10 20 25 50 60 80 90

2 1
2 3

4 27
2 5 10 25

3 6
1 4 5

1 1000
999

5 32
1 5 10 15 20

2 30
15 25

4 13
1 4 6 9

3 10
2 5 10

1 1
2

5 17
1 2 5 8 9

3 4
1 2 3

4 20
1 5 7 11

2 50
25 10

6 100
1 5 10 25 50 100

3 1
2 3 4

4 18
2 3 7 12

2 9
4 5

5 49
1 5 10 21 25

3 14
3 5 7

1 5
1

4 99
10 20 30 40

2 6
3 3

5 1
2 3 4 5 6

6 63
1 5 10 21 25 50

3 16
4 5 8

2 100
1 99

4 15
2 4 6 8

3 12
1 5 12

5 33
2 3 5 7 11

1 2
1

4 19
1 3 8 10

2 7
1 6

5 23
1 2 5 10 11

3 30
5 10 25

1 8
3

4 41
1 5 10 20

2 2
3 5

5 50
2 5 10 20 25

3 9
2 4 5

4 8
1 3 5 7

2 10
6 7

6 20
1 2 5 8 10 11

3 22
1 10 11

1 9
10

4 35
5 7 10 15

