4 7
2 3 6 7

3 8
2 3 5

1 1
2

2 1
2 3

3 9
2 3 4

4 1
2 3 4 5

5 12
2 3 4 5 6

2 7
2 3

3 1
1 2 3

4 15
2 4 6 8

1 5
5

6 20
2 4 6 8 10 12

2 5
2 3

3 100
10 20 30

4 3
4 5 6 7

5 10
2 3 5 7 8

2 18
3 6

3 13
3 4 5

4 25
5 10 15 20

1 10
3

5 22
2 4 5 8 10

2 6
2 4

3 11
2 4 6

4 16
2 4 8 16

1 99
10

5 30
3 6 9 12 15

2 10
3 7

3 17
4 6 8

4 14
3 5 7 9

1 8
4

5 40
8 10 12 15 20

2 12
5 7

3 21
7 14 21

4 50
10 20 25 30

1 100
101

5 35
5 10 15 20 25

2 100
50 25

3 23
5 7 11

4 19
2 5 8 11

1 4
5

5 28
4 8 12 16 20

2 14
6 8

3 33
11 22 33

4 60
10 20 30 40

1 1
1

5 27
3 6 9 12 15

2 1
1 1

3 5
1 2 3

4 10
1 2 3 4

1 10
1

5 15
1 2 3 4 5


