9
1 8 6 2 5 4 8 3 7

2
1 1

4
1 2 3 4

10
10 9 8 7 6 5 4 3 2 1

10
1 2 3 4 5 6 7 8 9 10

15
1 1 1 1 1 1 1 1 1 1 1 1 1 1 1

12
1 100 100 1 1 1 1 100 100 1 1 1

8
5 5 5 5 5 5 5 5

7
1 10 1 10 1 10 1

6
10 1 1 1 1 10

20
1 2 3 4 5 6 7 8 9 10 10 9 8 7 6 5 4 3 2 1

11
2 3 4 5 18 17 6 5 4 3 2

5
1 2 1 2 1

10
8 1 2 3 4 5 6 7 8 9

10
9 8 7 6 5 4 3 2 1 10

13
1 2 3 4 5 6 7 6 5 4 3 2 1

2
1000 1000

14
10 20 30 40 50 60 70 60 50 40 30 20 10 1

1
1

10
1 2 1 3 1 4 1 5 1 6

9
6 1 5 1 4 1 3 1 2

8
1 1 10 10 10 10 1 1

10
1 1 1 1 10 10 1 1 1 1

12
10 9 8 7 6 5 5 6 7 8 9 10

7
-1 -2 -3 -4 -5 -6 -7

10
0 1 0 1 0 1 0 1 0 1

6
1 1 1 10 10 1

16
1 2 3 4 5 6 7 8 8 7 6 5 4 3 2 1

5
1 10 1 1 1

5
1 1 1 10 1

8
10 1 2 3 4 5 6 10

10
1 2 3 4 5 1 2 3 4 5

11
5 4 3 2 1 1 2 3 4 5 5

9
1 1 1 1 1 1 1 1 1

12
1 2 3 4 5 6 1 2 3 4 5 6

10
100 1 2 3 4 5 6 7 8 100

7
1 2 3 100 3 2 1

8
10 10 1 1 1 1 10 10

10
1 2 3 4 5 5 4 3 2 1

12
1 1 1 1 1 1 1 1 1 1 1 1

10
-10 -9 -8 -7 -6 -5 -4 -3 -2 -1

11
1 3 2 5 4 7 6 9 8 11 10

9
1 1 1 10 1 10 1 1 1

8
1 8 2 7 3 6 4 5

10
10 1 10 1 10 1 10 1 10 1

12
1 2 3 4 5 6 6 5 4 3 2 1

7
10 1 1 1 1 1 1

7
1 1 1 1 1 1 10

8
1 10 10 10 10 10 10 1

