4
1 2 3 1

4
1 2 3 4

10
1 1 1 3 3 4 3 2 4 2

1
10

2
5 5

2
5 6

8
-1 -2 -3 -4 -1 -5 -6 -7

7
0 1 2 3 4 5 6

7
0 1 2 0 4 5 6

5
10 20 30 40 10

6
9 8 7 6 5 9

12
1 2 3 4 5 6 7 8 9 10 11 1

15
-1 -2 -3 -4 -5 -6 -7 -8 -9 -10 -11 -12 -13 -14 -15

15
-1 -2 -3 -4 -5 -6 -7 -8 -9 -10 -11 -12 -13 -14 -1

5
0 0 0 0 0

3
-1 0 -1

4
-2 -1 0 1

6
100 200 300 400 500 100

2
-2147483648 2147483647

2
2147483647 2147483647

9
1 2 3 1 2 3 1 2 3

8
10 20 30 40 50 60 70 80

8
80 70 60 50 40 30 20 10

10
0 1 -1 2 -2 3 -3 4 -4 0

5
5 4 3 2 1

5
1 1 2 3 4

5
1 2 2 3 4

5
1 2 3 3 4

5
1 2 3 4 4

6
6 5 4 4 5 6

7
-3 -2 -1 0 -1 -2 -3

4
10 10 10 10

3
1 2 1

11
1 2 3 4 5 6 7 8 9 10 1

13
-6 -5 -4 -3 -2 -1 0 1 2 3 4 5 -6

1
0

2
0 0

10
9 1 8 2 7 3 6 4 5 9

8
-1 -1 -1 -1 -2 -2 -2 -2

6
12 34 56 78 90 12

4
1 1 2 2

7
1 2 3 4 3 2 1

5
-5 -5 -5 -5 -5

9
10 9 8 7 6 5 4 3 2

9
2 3 4 5 6 7 8 9 2

10
-5 -4 -3 -2 -1 0 1 2 3 4

10
-5 -4 -3 -2 -1 0 1 2 3 -5

3
100 1000 100

6
-10 20 -30 40 -50 20

5
1 2 3 2 1

4
4 3 2 1

4
1 2 3 1

2
-10 -10

3
0 1 0

