5
3 4 5 1 2

5
4 5 6 7 0

3
11 13 15

1
1

7
4 5 6 7 0 1 2

2
2 1

10
8 9 10 1 2 3 4 5 6 7

6
1 2 3 4 5 6

1
100

8
5 6 7 8 9 1 2 3

4
10 20 30 5

12
10 11 12 13 14 15 16 17 18 19 20 1

11
3 4 5 6 7 8 9 10 11 1 2

9
2 3 4 5 6 7 8 9 1

3
3 1 2

1
-1

10
0 1 2 3 4 5 6 7 8 9

10
9 0 1 2 3 4 5 6 7 8

10
1 2 3 4 5 6 7 8 9 0

10
5 6 7 8 9 0 1 2 3 4

2
10 1

7
1 2 3 4 5 6 7

7
7 1 2 3 4 5 6

7
6 7 1 2 3 4 5

7
5 6 7 1 2 3 4

7
4 5 6 7 1 2 3

7
3 4 5 6 7 1 2

7
2 3 4 5 6 7 1

5
10 20 1 2 3

6
-1 0 1 2 3 4

6
4 -1 0 1 2 3

6
3 4 -1 0 1 2

6
2 3 4 -1 0 1

6
1 2 3 4 -1 0

6
0 1 2 3 4 -1

8
-5 -4 -3 -2 -1 0 1 2

8
2 -5 -4 -3 -2 -1 0 1

8
1 2 -5 -4 -3 -2 -1 0

8
0 1 2 -5 -4 -3 -2 -1

4
1 2 3 4

4
4 1 2 3

4
3 4 1 2

4
2 3 4 1

10
10 20 30 40 50 60 70 80 90 0

2
-1 -2

3
-1 -2 -3


