3 1
48 44 4

11 10
22 15 9 25 25 2 18 36 11 37 50

4 1
44 11 26 30

10 7
26 7 7 39 36 14 8 13 43 25

12 6
20 19 23 22 44 45 37 42 50 20 18 26

9 4
24 2 7 28 8 23 45 30 27

13 6
18 4 19 3 31 4 33 30 20 16 25 24 22

15 3
26 6 36 44 21 5 34 31 19 39 17 39 48 4 40

4 4
21 8 32 22

7 3
15 8 13 19 18 14 19

15 13
38 50 15 25 24 28 2 14 35 20 2 1 31 31 44

2 2
45 10

2 1
32 5

3 1
48 47 3

14 5
45 50 23 46 1 14 39 5 23 28 30 46 18 30

12 5
41 30 26 15 18 40 29 47 7 17 22 13

10 1
11 7 7 50 29 11 25 32 7 24

9 3
50 24 44 39 35 23 28 47 28

14 3
36 17 33 30 19 6 47 43 10 12 39 27 12 34

11 2
41 46 33 27 47 33 4 32 49 4 26

8 2
44 36 38 35 50 10 43 23

8 4
33 6 40 11 27 14 33 50

14 13
13 20 16 20 12 47 14 50 22 35 24 12 46 18

11 5
47 2 27 41 36 29 24 46 21 29 31

8 6
8 45 21 3 25 45 26 32

4 3
1 20 35 11

8 3
17 19 14 46 27 25 39 20

7 4
7 48 27 30 26 35 19

10 5
27 12 32 15 22 40 37 37 47 28

10 9
22 50 8 12 48 30 49 28 28 20

8 2
17 27 46 5 4 16 9 7

9 8
13 41 12 14 19 47 12 13 43

4 1
16 21 24 22

5 2
3 44 5 45 9

15 3
31 33 5 29 45 49 18 36 39 46 25 25 13 10 9

13 3
27 11 16 3 1 25 47 18 34 27 15 43 29

3 1
29 18 40

4 1
20 41 49 25

12 1
2 18 19 45 31 19 50 42 5 15 1 35

9 9
27 9 4 7 17 34 36 49 34

5 5
14 26 26 42 26

2 2
49 44

13 6
38 28 17 48 5 4 39 11 5 32 33 28 21

4 4
10 39 30 18

13 4
9 26 30 12 36 50 33 39 28 9 44 18 44

13 11
42 10 47 15 21 15 1 7 25 48 49 18 14

15 7
2 23 33 37 8 5 25 7 7 30 26 27 46 18 49

12 4
9 42 48 39 11 17 9 21 1 26 28 37

9 9
14 6 19 34 35 10 37 13 48

14 3
20 43 22 6 12 18 1 40 34 27 32 39 8 40

