6
2 1 5 6 2 3

2
2 4

1
5

5
1 2 3 4 5

5
5 4 3 2 1

10
1 1 1 1 1 1 1 1 1 1

8
2 1 2 1 2 1 2 1

7
10 1 10 1 10 1 10

9
2 4 6 8 10 8 6 4 2

1
1000

12
1 2 3 4 5 6 6 5 4 3 2 1

11
3 5 5 2 5 5 6 6 4 4 4

10
0 1 2 3 4 5 6 7 8 9

10
9 8 7 6 5 4 3 2 1 0

5
0 0 0 0 0

4
10 10 10 10

6
1 10 10 10 10 1

15
1 2 3 4 5 4 3 2 1 2 3 4 5 4 3

13
2 3 2 3 2 3 2 3 2 3 2 3 2

10
5 5 5 1 5 5 5 5 5 5

10
5 5 5 5 5 1 5 5 5 5

9
1 2 3 4 5 4 3 2 1

8
10 20 30 40 30 20 10 5

7
1 8 6 2 5 4 7

1
0

10
10 9 8 1 2 3 7 6 5 4

10
4 2 0 3 2 5 1 1 1 1

10
6 2 5 4 5 1 6 1 1 1

12
2 1 5 6 2 3 1 1 1 1 1 1

12
1 1 1 2 1 5 6 2 3 1 1 1

10
10 10 10 10 10 10 10 10 10 10

8
1 1 1 10 10 1 1 1

7
1 2 3 10 3 2 1

10
1 2 3 4 5 1 2 3 4 5

9
5 4 3 2 1 2 3 4 5

11
1 1 1 1 1 100 1 1 1 1 1

1
1

10
-1 -2 -3 -4 -5 -6 -7 -8 -9 -10

8
1 1 1 1 1 1 1 1

10
1 2 1 2 1 2 1 2 1 2

12
1 2 3 2 1 1 2 3 2 1 1 2

10
10 1 1 1 1 1 1 1 1 1

10
1 1 1 1 1 1 1 1 1 10

9
1 10 1 1 1 1 1 10 1

8
10 1 10 1 10 1 10 1

10
1 2 3 4 5 0 1 2 3 4

12
1 2 3 4 5 6 0 6 5 4 3 2

7
1 1 1 0 1 1 1

8
1 10 1 1 1 1 10 1

10
10 1 2 3 4 5 6 7 8 9


