8
10 9 2 5 3 7 101 18

7
0 1 0 3 2 3

1
7

5
1 2 3 4 5

5
5 4 3 2 1

10
3 10 2 1 1 20 2 3 4 5

10
1 1 1 1 1 1 1 1 1 1

12
-1 0 1 2 3 -2 -1 0 4 5 6 7

6
3 4 -1 0 6 2

15
8 9 10 1 2 3 11 12 13 4 5 6 14 15 16

1
-100

4
-5 -4 -3 -2

4
-2 -3 -4 -5

11
4 10 4 3 8 9 1 2 3 4 5

10
2 5 1 8 3 9 4 7 6 10

13
-7 10 9 2 3 8 8 1 2 3 4 5 6

14
1 2 3 4 5 6 7 1 2 3 4 5 6 7

5
10 20 30 5 15

9
2 1 5 3 6 4 8 9 7

8
5 6 7 8 1 2 3 4

10
3 1 4 1 5 9 2 6 5 3

12
10 22 9 33 21 50 41 60 80 20 25 35

7
1 2 1 2 1 2 1

6
10 9 8 7 6 5

10
1 1 2 2 3 3 4 4 5 5

8
-10 -5 0 5 10 15 20 25

8
25 20 15 10 5 0 -5 -10

9
1 2 3 2 1 4 5 6 5

1
0

16
10 20 30 40 50 60 70 80 1 2 3 4 5 6 7 8

11
1 3 6 7 9 4 10 5 6 7 8

10
-2 -1 0 1 2 3 2 1 0 -1

12
1 1 1 2 2 2 3 3 3 4 4 4

10
10 9 2 5 3 7 101 18 1 1

13
0 1 2 3 4 5 6 7 8 9 10 11 12

13
12 11 10 9 8 7 6 5 4 3 2 1 0

7
7 7 7 7 7 7 7

8
1 2 4 8 16 32 64 128

10
10 1 9 2 8 3 7 4 6 5

14
3 1 4 1 5 9 2 6 5 3 5 8 9 7

15
1 2 3 2 3 4 3 4 5 4 5 6 5 6 7

11
-5 -4 -3 -2 -1 0 1 2 3 4 5

9
5 3 4 4 2 8 6 7 1

10
-10 1 -9 2 -8 3 -7 4 -6 5

12
1 2 3 4 3 2 1 5 6 7 8 9

10
1 2 3 4 5 5 4 3 2 1

11
1 2 3 4 5 0 6 7 8 9 10

10
100 99 98 97 96 1 2 3 4 5

12
1 2 3 1 2 3 1 2 3 1 2 3

10
4 5 6 1 2 3 7 8 9 0

13
1 10 2 9 3 8 4 7 5 6 0 11 12


