Of course. Here are the input and C++ solution files for the "Maximum Subarray" problem.

Input File: maximum_subarray.in
9
-2 1 -3 4 -1 2 1 -5 4

5
5 4 -1 7 8

1
1

1
-1

2
-2 -1

10
1 2 3 4 5 6 7 8 9 10

10
-1 -2 -3 -4 -5 -6 -7 -8 -9 -10

8
-10 2 3 -5 8 -1 2 3

5
1 -1 1 -1 1

3
-2 1 -2

7
1 2 -5 4 3 -1 2

6
-1 -2 -3 0 -1 -2

4
10 -1 9 -1

2
5 -8

5
-1 10 -1 10 -1

12
2 -3 4 -1 5 -2 6 -3 1 2 -4 3

1
0

3
3 3 -5

5
-5 -4 -3 -2 -1

6
1 1 1 1 1 1

8
-2 3 -1 4 -2 1 5 -3

4
-5 1 2 3

3
-1 -1 -1

7
10 2 -15 3 4 5 6

5
1 -2 3 -4 5

9
-2 1 -3 4 -1 2 1 -5 4

11
1 -1 1 -1 1 -1 1 -1 1 -1 1

2
-10 1

6
-1 2 3 4 5 6

8
-8 -7 -6 -5 -4 -3 -2 -1

5
100 -1 100 -1 100

4
-1 100 -1 100

3
1 -100 1

10
-1 2 -3 4 -5 6 -7 8 -9 10

1
-100

5
-2 -3 -1 -5 -4

7
3 4 -1 2 -5 6 1

8
1 -2 3 -4 5 -6 7 -8

6
-1 1 -1 1 -1 1

4
5 6 7 8

5
-5 -6 -7 -8 -9

10
1 2 -1 3 4 -2 5 6 -3 7

3
-10 20 -5

7
-3 -2 -1 0 1 2 3

9
2 -1 2 -1 2 -1 2 -1 2

8
-1 2 -1 3 -1 4 -1 5

5
-10 -1 -10 -1 -10

6
1 2 3 -10 4 5

4
1 1 1 -5

3
-3 2 1

12
-1 -1 2 2 -3 -3 4 4 -5 -5 6 6

2
10 -1

1
1000

