2
1 3
1
2

2
1 2
2
3 4

4
1 3 5 7
4
2 4 6 8

5
1 2 3 4 5
5
6 7 8 9 10

3
-10 -5 0
3
5 10 15

1
1
1
1

4
10 20 30 40
1
25

3
1 1 1
3
2 2 2

5
-5 -4 -3 -2 -1
5
1 2 3 4 5

2
100 200
2
-200 -100

1
10
4
1 2 3 4

4
1 2 3 4
1
10

5
1 1 2 2 3
5
1 1 2 2 3

3
-3 -2 -1
3
-6 -5 -4

4
1 5 9 13
4
2 6 10 14

1
5
5
1 2 3 4 6

1
5
5
6 7 8 9 10

2
2 4
3
1 3 5

4
1 2 3 10
4
4 5 6 7

5
-10 -8 -6 -4 -2
5
-9 -7 -5 -3 -1

3
10 10 10
3
10 10 10

1
0
5
1 2 3 4 5

2
1 100
2
2 99

4
1 4 5 8
4
2 3 6 7

3
1 2 3
3
4 5 6

4
-4 -3 -2 -1
1
0

5
0 1 2 3 4
5
0 1 2 3 4

2
1 2
4
1 2 3 4

3
1 1 1
1
1

4
-10 -20 -30 -40
4
10 20 30 40

2
1 1
2
2 2

5
1 3 5 7 9
5
2 4 6 8 10

3
1 2 3
2
1 2

4
1 1 1 1
4
2 2 2 2

1
100
1
-100

5
1 2 3 4 5
1
3

1
3
5
1 2 3 4 5

4
10 20 30 40
3
5 15 25

3
1 1 3
3
1 2 2

5
-5 -3 -1 1 3
5
-4 -2 0 2 4

2
1 5
3
2 3 4

4
2 4 6 8
4
1 3 5 7

1
1
1
2

3
1 2 3
3
1 2 3


