3
1 2 4
3
1 3 4

5
-10 -5 0 5 10
5
-8 -4 0 4 8

4
1 3 5 7
4
2 4 6 8

5
1 1 1 1 1
3
1 1 1

7
10 20 30 40 50 60 70
2
5 15

2
90 100
5
1 2 3 4 5

1
-5
1
-5

3
-3 -2 -1
3
1 2 3

6
2 4 6 8 10 12
1
5

4
1 2 3 4
4
1 2 3 4

2
-10 -5
5
-20 -15 -10 -5 0

1
0
1
0

3
5 5 5
3
5 5 5

7
1 2 3 4 5 6 7
5
5 1 2 3 5

1
1
1
100

2
-88 -77
2
88 77

5
-10 -8 -6 -4 -2
5
-9 -7 -5 -3 -1

3
10 10 10
4
10 10 10 10

1
50
5
-50 -40 -30 -20 -10

2
13 26
4
11 22 33 44

5
1 2 2 3 3
5
1 1 2 3 4

3
-4 -2 0
3
-3 -1 1

2
7 8
3
1 2 3

4
10 20 30 40
4
5 15 25 35

1
1
1
-1

6
-100 -80 -60 -40 -20 0
1
-100

3
1 2 3
3
1 2 3

2
2 4
2
2 4

4
1 5 9 13
4
2 6 10 14

3
-7 -3 1
3
-5 -1 3

5
10 12 14 16 18
2
11 13

1
-100
1
100

2
5 10
5
1 2 3 4 6

4
1 1 2 2
3
1 2 3

3
-9 -8 -7
3
-6 -5 -4

5
1 2 3 4 5
5
6 7 8 9 10

2
20 30
3
1 10 15

1
-1
1
-1

4
1 3 5 7
1
4

3
10 20 30
3
10 20 30

2
-5 -5
2
-5 -5

6
0 0 0 0 0 0
2
0 0

3
-10 -20 -30
1
10

