4
1 2 3 4

5
-1 1 0 -3 3

2
10 0

3
2 3 5

5
1 1 1 1 1

5
-1 -1 -1 -1 -1

6
1 2 0 0 5 6

4
-2 -3 -4 -5

3
10 20 30

7
1 2 3 4 5 6 7

2
-5 5

10
1 1 1 1 0 1 1 1 1 1

8
2 2 2 2 2 2 2 2

5
-1 2 -3 4 -5

6
1 0 3 0 5 0

4
100 200 300 400

3
-10 -10 -10

5
1 2 1 2 1

7
-1 -1 2 2 -3 -3 0

2
1 1

9
1 2 3 4 5 4 3 2 1

4
-1 -1 -1 1

5
0 1 2 3 4

6
5 4 3 2 1 0

3
7 7 7

8
-1 1 -1 1 -1 1 -1 1

4
1 1 1 0

5
2 4 6 8 10

6
-2 -4 -6 -8 -10 -12

3
-5 0 5

7
1 10 100 1000 100 10 1

2
-1 -1

10
1 2 3 4 5 -5 -4 -3 -2 -1

5
1 0 1 0 1

4
-3 2 -4 5

3
0 0 0

6
10 1 1 1 1 10

5
-2 3 -4 5 -6

4
1 1 1 1

7
1 2 0 3 4 0 5

2
7 8

8
-2 1 -2 1 -2 1 -2 1

5
0 0 1 1 1

6
-10 1 -10 1 -10 1

3
-1 2 -1

9
1 1 2 2 3 3 4 4 0

4
-1 0 1 2

5
10 20 0 40 50

7
-2 -2 -2 -2 -2 -2 -2

3
1 2 0

8
1 2 3 4 0 5 6 7

2
100 -100

6
1 -1 2 -2 3 -3

5
-1 0 -1 0 -1

4
-10 20 -30 40

