3
1 2 3
4 5 6
7 8 9

4
5 1 9 11
2 4 8 10
13 3 6 7
15 14 12 16

1
1

2
1 2
3 4

2
-1 -2
-3 -4

5
1 2 3 4 5
6 7 8 9 10
11 12 13 14 15
16 17 18 19 20
21 22 23 24 25

3
0 0 0
0 0 0
0 0 0

4
-1 2 -3 4
5 -6 7 -8
-9 10 -11 12
13 -14 15 -16

3
10 20 30
40 50 60
70 80 90

5
1 1 1 1 1
2 2 2 2 2
3 3 3 3 3
4 4 4 4 4
5 5 5 5 5

2
100 200
300 400

4
1 0 0 0
0 1 0 0
0 0 1 0
0 0 0 1

3
-9 -8 -7
-6 -5 -4
-3 -2 -1

6
1 2 3 4 5 6
7 8 9 10 11 12
13 14 15 16 17 18
19 20 21 22 23 24
25 26 27 28 29 30
31 32 33 34 35 36

2
0 1
1 0

