5 3
1 2 4 5 6

4 7
1 3 5 6

6 4
1 2 3 5 6 7

3 0
1 2 3

7 8
1 2 3 4 5 6 7

5 10
1 2 3 4 5

4 2
1 3 5 7

6 9
2 4 6 8 10 12

5 5
1 3 5 7 9

3 6
2 4 8

4 1
2 3 5 6

6 11
1 3 5 7 9 10

5 8
1 2 4 6 7

4 4
1 2 4 5

7 3
0 1 2 4 5 6 7

8 15
1 2 4 6 8 10 12 14

3 3
1 2 4

4 6
2 4 5 7

6 7
1 3 5 6 8 10

5 0
2 4 6 8 10

5 11
1 3 5 9 10

6 13
2 4 6 8 10 12

7 7
1 3 5 6 7 9 11

3 1
2 3 4

4 9
1 5 6 8

6 2
1 3 5 7 9 11

5 6
2 4 6 8 10

4 8
1 3 6 7

3 5
2 4 6

7 12
1 2 3 5 7 9 11

6 0
3 5 7 9 11 13

5 4
1 2 3 6 7

4 3
1 2 5 6

7 6
1 2 3 5 7 8 10

3 7
2 4 6

6 14
1 3 5 7 9 13

5 9
1 2 4 6 8

4 10
1 2 3 9

6 1
2 4 6 8 10 12

5 7
1 3 5 6 8

7 2
3 4 5 6 7 8 9

6 5
1 2 3 4 6 7

4 12
2 4 6 10

3 2
1 3 5

5 6
1 3 5 7 9

4 11
2 4 6 9

6 3
1 2 4 5 7 8

5 13
1 4 6 9 11

7 0
2 3 5 7 9 11 13

3 10
1 5 9

4 14
1 3 5 12

