6 4
18 3 1 1 15 25

7 45
6 23 8 2 12 33 12

13 32
22 21 23 12 26 27 30 27 12 19 2 2 27

15 21
6 14 18 9 26 21 2 14 5 16 14 26 3 25 10

4 22
16 7 21 15

7 27
30 3 24 3 2 26 29

13 3
16 14 30 2 8 1 8 6 13 6 22 28 20

11 32
10 7 20 9 5 20 9 26 24 22 21

13 22
29 16 7 4 11 5 10 4 11 22 16 25 27

15 11
4 4 8 21 5 30 12 1 2 25 26 16 3 28 14

13 2
4 5 1 17 3 20 21 20 5 1 30 5 24

5 32
18 26 7 23 14

15 15
3 20 19 26 12 13 10 24 25 28 24 14 2 29 14

4 45
13 27 43 2

2 18
10 8

4 8
2 26 20 6

2 35
34 1

3 11
6 5 23

13 11
9 30 22 25 22 22 5 25 13 23 16 6 2

12 25
8 1 25 20 8 26 17 10 29 15 5 10

7 36
1 25 23 15 13 18 18

8 16
13 3 2 4 3 20 13 5

3 11
9 9 2

4 12
9 4 8 17

9 3
25 7 19 10 22 17 8 1 2

12 11
8 17 28 4 27 22 12 2 25 13 9 9

4 15
14 30 1 7

14 18
12 21 26 26 22 24 27 6 26 26 14 6 17 8

5 5
9 4 4 4 1

11 17
5 24 10 10 24 6 28 28 2 7 5

15 49
20 5 32 21 23 21 11 29 3 10 20 17 12 24 8

7 42
7 26 2 17 21 14 25

15 17
4 18 20 3 8 6 25 29 27 2 2 15 29 23 30

12 19
7 22 6 10 15 21 27 26 8 11 4 4

4 27
12 25 21 6

15 2
29 14 22 3 15 1 1 19 8 12 5 3 17 9 26

11 33
18 2 13 2 15 23 11 11 23 10 29

2 26
11 15

9 48
16 19 32 8 17 23 6 22 25

8 20
19 1 11 16 1 4 20 30

5 9
3 16 6 3 15

14 44
26 4 10 4 9 11 25 28 24 17 20 16 13 27

6 15
27 29 1 4 8 11

9 32
23 25 7 27 1 5 18 1 16

14 32
18 12 14 27 3 22 28 23 17 11 19 18 1 7

7 16
3 2 19 14 29 15 2

15 33
17 16 5 11 21 6 4 27 29 5 8 22 17 7 18

7 23
12 13 27 12 18 30 11

10 46
19 25 19 28 43 3 7 2 11 26

8 32
11 23 12 10 9 18 26 17

